[[0, 59, 77, 87, 29, 7, 32, 78, 44, 5, 97, 23, 54], [59, 75, 72, 96, 67, 92, 36, 87, 35, 25, 6, 91, 1], [77, 72, 43, 67, 80, 42, 28, 90, 95, 95, 21, 89, 64], [87, 96, 67, 92, 85, 92, 35, 3, 45, 96, 61, 38, 23], [29, 67, 80, 85, 2, 45, 82, 15, 71, 88, 86, 45, 15], [7, 92, 42, 92, 45, 91, 87, 11, 59, 73, 81, 53, 27], [32, 36, 28, 35, 82, 87, 47, 4, 3, 91, 88, 84, 9], [78, 87, 90, 3, 15, 11, 4, 30, 9, 15, 93, 84, 55], [44, 35, 95, 45, 71, 59, 3, 9, 95, 88, 5, 55, 29], [5, 25, 95, 96, 88, 73, 91, 15, 88, 26, 65, 76, 83], [97, 6, 21, 61, 86, 81, 88, 93, 5, 65, 61, 16, 54], [23, 91, 89, 38, 45, 53, 84, 84, 55, 76, 16, 91, 72], [54, 1, 64, 23, 15, 27, 9, 55, 29, 83, 54, 72, 97]]