[[0, 54, 49, 65, 17, 96, 89, 17, 20, 67, 88, 92, 21], [54, 0, 62, 22, 100, 0, 48, 78, 0, 49, 88, 84, 12], [49, 62, 0, 23, 47, 55, 56, 42, 29, 80, 80, 71, 67], [65, 22, 23, 0, 25, 76, 1, 94, 45, 72, 73, 81, 53], [17, 100, 47, 25, 0, 60, 94, 21, 29, 46, 9, 56, 30], [96, 0, 55, 76, 60, 0, 38, 72, 55, 17, 2, 22, 18], [89, 48, 56, 1, 94, 38, 0, 53, 4, 46, 94, 47, 12], [17, 78, 42, 94, 21, 72, 53, 0, 56, 57, 23, 97, 18], [20, 0, 29, 45, 29, 55, 4, 56, 0, 47, 24, 25, 32], [67, 49, 80, 72, 46, 17, 46, 57, 47, 0, 17, 51, 28], [88, 88, 80, 73, 9, 2, 94, 23, 24, 17, 0, 81, 79], [92, 84, 71, 81, 56, 22, 47, 97, 25, 51, 81, 0, 57], [21, 12, 67, 53, 30, 18, 12, 18, 32, 28, 79, 57, 0]]